0
2
3
5
6
7
9
13
15
19
20
23
24
26
27
28
29
31
33
34
35
36
39
40
41
42
43
46
47
49
50
53
54
55
58
60
61
62
63
64
65
66
67
68
70
71
72
73
74
75
76
78
80
81
82
83
84
87
89
92
93
94
96
98
100
103
104
106
107
108
109
110
111
112
115
117
119
121
122
123
125
126
127
128
132
136
137
138
139
140
142
143
145
146
148
150
151
153
155
157
158
160
162
163
164
165
166
167
169
170
171
172
173
174
176
178
179
181
182
183
184
185
186
187
188
189
190
191
192
193
194
195
196
197
198
200
203
204
206
208
209
210
211
213
214
215
216
218
219
220
225
226
228
229
231
233
234
235
236
238
239
240
241
242
243
244
246
247
248
250
251
252
262
263
264
266
267
271
273
276
277
279
282
284
285
286
287
292
293
294
295
296
297
299
300
302
303
304
305
306
307
308
310
312
314
315
316
317
318
319
322
325
326
329
330
335
336
338
339
340
341
342
343
345
346
348
349
350
351
352
353
355
356
357
358
360
361
362
365
366
367
370
371
374
375
376
377
378
381
383
384
385
389
390
391
392
393
394
395
396
397
401
402
404
405
406
408
409
410
413
415
417
421
424
427
428
432
433
434
436
438
440
441
443
444
446
449
450
451
453
455
456
457
458
461
463
464
465
468
469
470
471
472
474
475
477
478
479
481
482
483
485
487
488
489
490
492
493
494
495
496
500
501
502
503
504
505
509
511
512
513
514
515
518
519
521
522
524
525
526
529
530
531
532
534
535
538
543
544
549
551
553
554
555
557
558
559
560
565
567
568
570
573
574
575
576
578
580
581
582
583
585
586
587
588
589
590
592
595
596
597
598
599
600
601
602
603
604
606
607
608
609
611
612
613
616
619
620
621
622
623
624
626
627
629
630
632
633
634
636
637
638
640
641
642
643
644
645
648
653
654
655
656
657
658
659
660
661
662
663
664
665
666
667
669
670
671
673
674
676
677
679
680
681
682
683
685
688
690
692
693
694
695
698
699
700
701
703
704
709
713
714
721
722
723
724
726
728
729
730
731
732
734
735
736
737
739
740
741
742
743
744
746
747
748
749
750
751
753
755
756
757
759
760
761
764
765
768
770
773
774
775
776
777
778
781
782
783
784
785
786
789
791
792
794
795
798
800
801
802
804
805
806
807
808
810
811
812
813
817
819
820
821
824
825
826
827
828
829
830
832
835
836
838
839
840
844
845
848
849
851
852
853
855
859
860
862
863
864
865
866
867
868
869
870
871
872
873
874
880
883
884
886
887
889
892
893
894
895
896
897
899
900
901
902
903
904
905
906
907
910
912
913
914
921
923
924
925
929
930
933
934
935
936
937
938
939
940
941
942
943
945
946
948
949
951
952
955
958
959
960
961
962
963
964
966
969
970
971
972
977
978
979
981
982
983
984
985
986
987
988
989
992
993
995
996
998
999
1000
1001
1003
1004
1005
1009
1011
1012
1013
1017
1018
1020
1021
1022
1025
1026
1027
1029
1030
1032
1033
1034
1035
1036
1037
1039
1040
1042
1045
1046
1047
1048
1049
1050
1051
1053
1054
1056
1058
1060
1061
1062
1063
1064
1067
1068
1070
1071
1073
1074
1075
1076
1079
1081
1082
1084
1086
1089
1090
1092
1093
1094
1095
1096
1097
1098
1099
1100
1102
1104
1107
1108
1110
1111
1112
1113
1116
1117
1118
1120
1122
1123
1124
1126
1127
1128
1129
1131
1132
1134
1135
1136
1137
1138
1139
1140
1141
1144
1145
1146
1148
1149
1150
1152
1154
1155
1156
1157
1158
1159
1160
1161
1162
1163
1164
1165
1166
1167
1168
1170
1171
1173
1174
1175
1176
1178
1179
1180
1181
1183
1184
1186
1187
1188
1190
1191
1194
1195
1197
1198
1199
1202
1203
1204
1206
1207
1209
1211
1212
1213
1215
1216
1217
1221
1222
1223
1224
1227
1232
1233
1234
1235
1237
1239
1240
1241
1242
1243
1245
1246
1250
1251
1252
1254
1255
1258
1260
1261
1262
1264
1265
1266
1267
1268
1275
1276
1278
1279
1280
1281
1282
1284
1285
1286
1287
1288
1289
1290
1291
1293
1294
1295
1296
1297
1302
1304
1306
1307
1308
1309
1310
1311
1312
1314
1315
1317
1318
1319
1320
1322
1324
1326
1327
1330
1333
1334
1335
1338
1339
1340
1347
1350
1352
1353
1354
1355
1356
1359
1360
1361
1363
1364
1365
1366
1367
1369
1373
1374
1375
1376
1378
1380
1381
1382
1386
1387
1388
1392
1394
1396
1398
1399
1400
1403
1407
1408
1409
1410
1411
1412
1413
1414
1419
1420
1423
1427
1429
1430
1432
1433
1437
1438
1439
1440
1441
1444
1445
1446
1450
1451
1452
1453
1454
1457
1458
1459
1462
1463
1465
1467
1468
1469
1471
1473
1474
1475
1476
1477
1478
1481
1482
1485
1486
1487
1488
1489
1491
1492
1493
1496
1497
1498
1499
1500
1502
1503
1504
1505
1506
1508
1509
1511
1512
1513
1514
1515
1518
1520
1521
1522
1524
1529
1531
1532
1533
1534
1535
1536
1537
1540
1541
1543
1547
1548
1549
1553
1554
1557
1559
1560
1561
1562
1563
1564
1566
1567
1568
1569
1570
1572
1573
1574
1578
1581
1583
1587
1588
1592
1594
1595
1596
1597
1598
1600
1601
1603
1604
1606
1609
1618
1619
1620
1621
1622
1623
1624
1625
1626
1628
1629
1630
1631
1633
1634
1635
1638
1640
1641
1643
1644
1645
1647
1648
1649
1653
1654
1656
1659
1660
1662
1663
1664
1666
1668
1669
1673
1674
1677
1679
1684
1685
1687
1688
1689
1692
1693
1695
1697
1698
1699
1701
1703
1704
1706
1708
1709
1710
1711
1712
1714
1715
1718
1719
1720
1721
1722
1724
1725
1727
1728
1732
1733
1734
1737
1741
1742
1743
1744
1746
1747
1748
1749
1752
1753
1754
1756
1758
1759
1760
1761
1763
1764
1765
1767
1769
1771
1772
1773
1776
1778
1779
1782
1783
1785
1786
1788
1790
1793
1794
1797
1801
1802
1804
1805
1806
1808
1809
1811
1815
1816
1817
1820
1822
1823
1826
1827
1828
1829
1830
1832
1836
1838
1843
1845
1846
1847
1848
1849
1850
1853
1854
1855
1856
1857
1860
1861
1862
1863
1864
1865
1868
1869
1872
1874
1878
1883
1887
1888
1889
1891
1892
1893
1894
1895
1897
1898
1899
1900
1902
1903
1905
1907
1908
1910
1912
1913
1914
1919
1920
1921
1922
1923
1924
1925
1926
1927
1928
1929
1931
1933
1935
1936
1937
1938
1939
1940
1941
1942
1943
1944
1946
1948
1949
1950
1954
1955
1956
1957
1958
1959
1960
1962
1963
1965
1967
1968
1969
1970
1971
1973
1974
1975
1976
1977
1978
1980
1981
1983
1984
1985
1986
1987
1988
1989
1990
1991
1993
1994
1995
1996
1997
1999
2002
2003
2005
2011
2013
2014
2015
2016
2017
2018
2020
2021
2025
2026
2027
2028
2030
2031
2032
2033
2034
2035
2037
2038
2040
2041
2042
2045
2049
2050
2051
2054
2055
2056
2057
2058
2059
2060
2061
2062
2064
2067
2068
2072
2073
2074
2075
2076
2077
2080
2082
2084
2085
2088
2089
2091
2092
2093
2094
2097
2098
2101
2102
2104
2106
2107
2108
2110
2113
2114
2116
2117
2119
2120
2121
2122
2123
2124
2125
2126
2127
2129
2130
2131
2132
2133
2135
2137
2138
2139
2141
2142
2143
2145
2146
2149
2151
2152
2153
2155
2156
2157
2158
2159
2160
2161
2164
2165
2166
2171
2175
2176
2177
2179
2180
2181
2183
2185
2186
2187
2192
2193
2194
2195
2196
2197
2198
2199
2200
2201
2204
2205
2207
2208
2209
2212
2213
2216
2217
2219
2221
2222
2225
2226
2230
2231
2233
2234
2236
2237
2238
2240
2242
2247
2249
2250
2251
2252
2254
2255
2256
2257
2259
2260
2262
2266
2269
2270
2274
2276
2277
2279
2280
2281
2282
2284
2285
2286
2288
2289
2290
2291
2292
2293
2294
2296
2298
2299
2301
2302
2303
2306
2307
2308
2309
2310
2311
2312
2314
2316
2317
2319
2320
2321
2324
2325
2327
2330
2331
2333
2334
2336
2337
2338
2341
2342
2343
2344
2345
2347
2348
2349
2350
2351
2353
2354
2356
2357
2361
2362
2363
2365
2367
2368
2369
2371
2373
2374
2377
2379
2380
2381
2383
2385
2386
2387
2388
2389
2390
2392
2396
2397
2399
2400
2401
2402
2404
2407
2408
2410
2411
2414
2415
2416
2417
2419
2420
2421
2422
2424
2425
2427
2431
2432
2433
2434
2435
2438
2439
2441
2444
2446
2448
2449
2450
2451
2452
2454
2455
2456
2458
2460
2461
2462
2463
2464
2465
2466
2469
2470
2475
2476
2478
2480
2481
2485
2486
2487
2488
2489
2490
2491
2492
2493
2497
2498
2500
2501
2502
2504
2505
2506
2508
2513
2516
2518
2520
2521
2522
2524
2525
2526
2528
2529
2530
2532
2533
2534
2537
2538
2539
2540
2541
2542
2544
2545
2546
2548
2549
2551
2554
2555
2557
2558
2560
2561
2563
2568
2569
2570
2572
2573
2575
2578
2581
2584
2587
2589
2591
2593
2594
2596
2597
2598
2599
2600
2601
2602
2605
2606
2607
2610
2611
2612
2613
2614
2615
2617
2619
2620
2623
2624
2627
2628
2629
2630
2631
2634
2636
2637
2639
2640
2641
2643
2644
2645
2648
2651
2652
2654
2655
2656
2657
2658
2659
2660
2662
2663
2665
2668
2669
2670
2672
2673
2674
2676
2677
2679
2681
2684
2685
2686
2688
2689
2690
2692
2693
2694
2695
2696
2697
2698
2700
2701
2702
2704
2706
2707
2708
2710
2715
2719
2720
2721
2722
2723
2724
2725
2726
2727
2729
2731
2734
2736
2738
2739
2740
2742
2744
2745
2746
2749
2750
2751
2752
2756
2757
2760
2761
2762
2765
2766
2767
2768
2769
2770
2773
2776
2777
2778
2781
2783
2784
2786
2787
2788
2789
2790
2792
2794
2795
2796
2797
2798
2799
2800
2801
2802
2803
2805
2806
2807
2808
2809
2810
2811
2813
2814
2815
2816
2817
2818
2820
2823
2826
2827
2829
2830
2831
2832
2834
2837
2838
2839
2840
2843
2844
2845
2846
2848
2852
2855
2856
2860
2862
2863
2864
2865
2867
2868
2870
2871
2873
2874
2875
2876
2878
2879
2880
2883
2885
2886
2888
2889
2892
2893
2894
2898
2899
2901
2903
2904
2905
2906
2908
2910
2911
2912
2914
2915
2918
2921
2924
2925
2926
2927
2928
2929
2931
2932
2933
2934
2935
2936
2938
2941
2942
2943
2944
2945
2946
2947
2949
2950
2953
2957
2958
2959
2961
2963
2964
2967
2968
2969
2970
2971
2972
2973
2974
2976
2978
2979
2982
2984
2985
2987
2988
2992
2994
2997
3000
3001
3003
3004
3006
3007
3008
3010
3012
3014
3015
3017
3018
3019
3020
3021
3023
3024
3027
3028
3033
3034
3035
3036
3038
3041
3044
3045
3047
3050
3051
3052
3053
3054
3056
3058
3060
3062
3064
3065
3067
3069
3070
3072
3073
3074
3076
3078
3080
3081
3083
3084
3085
3089
3092
3094
3095
3096
3097
3098
3100
3102
3106
3109
3110
3112
3116
3117
3119
3121
3122
3123
3125
3127
3128
3132
3134
3137
3141
3143
3144
3145
3148
3150
3151
3152
3153
3154
3156
3157
3160
3162
3163
3164
3165
3166
3168
3169
3170
3172
3175
3176
3180
3181
3182
3183
3186
3187
3191
3192
3198
3201
3202
3203
3204
3205
3207
3208
3210
3213
3214
3215
3216
3217
3218
3219
3220
3225
3226
3230
3231
3233
3235
3236
3237
3238
3239
3240
3241
3243
3244
3246
3247
3248
3249
3251
3253
3256
3257
3259
3260
3261
3262
3264
3266
3268
3270
3272
3273
3277
3278
3280
3281
3282
3283
3285
3286
3287
3288
3289
3290
3291
3292
3293
3294
3296
3297
3299
3302
3305
3307
3308
3309
3310
3314
3315
3316
3317
3318
3319
3322
3323
3325
3326
3328
3329
3330
3331
3332
3334
3335
3336
3341
3342
3345
3346
3349
3351
3355
3356
3358
3360
3361
3362
3365
3367
3368
3370
3371
3372
3373
3374
3378
3380
3381
3382
3383
3385
3386
3388
3389
3390
3391
3393
3395
3398
3399
3403
3404
3405
3408
3409
3411
3412
3413
3414
3415
3417
3418
3419
3421
3424
3426
3427
3428
3429
3430
3432
3437
3438
3439
3440
3441
3442
3443
3444
3450
3451
3454
3456
3457
3458
3459
3461
3462
3463
3467
3468
3469
3470
3471
3473
3474
3475
3477
3478
3479
3481
3482
3483
3484
3485
3486
3493
3494
3496
3497
3499
3500
3501
3503
3504
3507
3508
3509
3510
3511
3512
3513
3514
3517
3519
3521
3522
3523
3526
3528
3530
3532
3535
3536
3537
3538
3539
3540
3541
3543
3544
3545
3547
3548
3550
3552
3554
3559
3560
3562
3563
3564
3566
3567
3571
3572
3575
3580
3583
3584
3585
3586
3587
3589
3590
3591
3594
3595
3597
3598
3599
3601
3602
3603
3604
3605
3606
3607
3608
3609
3610
3611
3612
3613
3616
3617
3619
3620
3622
3623
3624
3625
3626
3628
3629
3630
3631
3632
3633
3635
3638
3641
3643
3645
3646
3647
3650
3651
3653
3655
3657
3658
3659
3660
3661
3662
3664
3666
3667
3668
3672
3674
3675
3676
3677
3678
3680
3681
3683
3684
3685
3686
3688
3691
3692
3693
3695
3696
3697
3698
3701
3702
3703
3704
3706
3707
3708
3709
3711
3712
3713
3714
3715
3717
3718
3719
3720
3724
3727
3728
3729
3730
3731
3733
3734
3735
3737
3738
3741
3743
3744
3745
3746
3747
3749
3750
3751
3752
3754
3755
3756
3757
3758
3759
3760
3763
3764
3766
3767
3768
3769
3771
3772
3775
3783
3784
3785
3787
3788
3790
3792
3797
3798
3799
3800
3801
3809
3810
3811
3812
3813
3814
3816
3817
3820
3821
3822
3824
3828
3830
3832
3833
3835
3837
3839
3841
3842
3843
3847
3848
3850
3852
3853
3854
3855
3857
3858
3860
3861
3862
3863
3864
3865
3866
3868
3869
3870
3871
3873
3875
3876
3877
3878
3879
3880
3883
3884
3885
3886
3887
3888
3890
3891
3892
3893
3894
3895
3896
3897
3898
3900
3905
3906
3907
3908
3909
3910
3911
3912
3914
3916
3917
3918
3919
3920
3921
3922
3925
3927
3929
3931
3932
3933
3934
3935
3937
3938
3941
3942
3943
3944
3947
3948
3949
3952
3954
3955
3959
3960
3962
3964
3966
3968
3969
3970
3971
3972
3974
3975
3977
3979
3981
3983
3984
3985
3987
3992
3995
3996
3997
3998
3999
4000
4001
4002
4006
4007
4008
4009
4011
4012
4013
4015
4016
4018
4019
4022
4023
4024
4026
4027
4028
4030
4031
4033
4035
4036
4037
4039
4040
4041
4042
4043
4044
4046
4048
4049
4050
4051
4052
4054
4057
4059
4060
4061
4064
4065
4066
4067
4068
4070
4071
4072
4073
4074
4075
4076
4077
4078
4079
4080
4084
4085
4086
4087
4088
4089
4091
4094
4097
4100
4102
4103
4107
4108
4110
4116
4117
4118
4119
4121
4122
4125
4127
4130
4133
4134
4135
4136
4137
4141
4144
4146
4148
4149
4150
4156
4157
4158
4159
4161
4169
4170
4171
4172
4174
4175
4176
4177
4178
4179
4180
4181
4182
4183
4187
4188
4190
4195
4196
4197
4198
4199
4204
4206
4208
4209
4210
4213
4214
4216
4218
4219
4220
4221
4222
4225
4227
4228
4230
4232
4233
4235
4236
4237
4238
4239
4240
4242
4244
4245
4246
4247
4248
4249
4250
4251
4253
4255
4256
4257
4258
4261
4262
4263
4264
4265
4266
4268
4269
4271
4272
4276
4280
4282
4283
4287
4288
4290
4291
4292
4295
4296
4297
4298
4299
4301
4302
4303
4305
4306
4307
4308
4309
4310
4311
4313
4316
4317
4319
4321
4322
4324
4325
4326
4328
4329
4330
4331
4332
4333
4334
4335
4336
4338
4340
4341
4342
4343
4344
4345
4348
4349
4350
4352
4355
4356
4357
4358
4359
4360
4361
4363
4364
4365
4366
4368
4369
4371
4372
4374
4375
4378
4381
4382
4383
4384
4385
4387
4388
4389
4390
4391
4392
4393
4394
4395
4396
4397
4398
4399
4401
4406
4407
4410
4411
4412
4413
4418
4421
4423
4425
4426
4428
4429
4430
4431
4433
4435
4436
4438
4439
4440
4441
4442
4443
4444
4445
4446
4447
4450
4453
4454
4455
4463
4466
4470
4471
4472
4473
4475
4477
4479
4480
4482
4483
4484
4485
4487
4489
4490
4491
4492
4493
4494
4495
4497
4498
4500
4501
4503
4504
4506
4507
4508
4509
4510
4511
4512
4513
4514
4515
4521
4522
4526
4527
4528
4529
4530
4531
4532
4536
4538
4539
4540
4541
4543
4544
4547
4548
4550
4552
4553
4556
4559
4560
4562
4564
4565
4566
4567
4568
4569
4570
4571
4572
4574
4575
4576
4578
4579
4582
4583
4584
4585
4587
4589
4591
4594
4598
4599
4600
4601
4602
4605
4606
4609
4610
4612
4615
4616
4617
4618
4619
4621
4622
4623
4625
4626
4627
4629
4632
4633
4634
4635
4637
4640
4641
4642
4643
4644
4645
4647
4648
4649
4650
4651
4652
4654
4655
4658
4660
4661
4663
4664
4665
4667
4668
4669
4671
4672
4673
4674
4675
4678
4681
4682
4684
4685
4687
4688
4689
4690
4691
4694
4695
4696
4697
4698
4700
4703
4704
4707
4709
4710
4711
4712
4713
4714
4715
4716
4718
4721
4722
4724
4725
4727
4728
4730
4731
4732
4733
4735
4738
4740
4741
4742
4744
4745
4746
4748
4751
4752
4753
4754
4755
4756
4757
4758
4762
4763
4764
4765
4766
4769
4770
4772
4776
4777
4778
4781
4783
4784
4786
4788
4790
4792
4793
4794
4795
4796
4797
4798
4799
4800
4801
4802
4803
4808
4809
4810
4811
4813
4819
4823
4824
4825
4826
4827
4829
4832
4835
4838
4841
4842
4843
4850
4851
4852
4853
4855
4856
4857
4858
4859
4861
4862
4863
4865
4866
4867
4869
4870
4871
4874
4876
4878
4880
4883
4891
4894
4895
4896
4898
4899
4900
4901
4905
4906
4909
4910
4911
4912
4913
4914
4915
4916
4917
4918
4920
4921
4923
4924
4926
4927
4928
4929
4930
4931
4933
4934
4935
4936
4937
4938
4939
4940
4945
4947
4949
4950
4952
4953
4954
4955
4956
4957
4958
4960
4961
4962
4963
4967
4968
4969
4970
4971
4973
4974
4975
4979
4980
4982
4984
4985
4986
4987
4989
4990
4992
4994
4996
4997
4999
5000
5001
5002
5003
5004
5005
5006
5007
5008
5009
5011
5012
5013
5014
5017
5018
5023
5024
5025
5026
5027
5029
5031
5034
5037
5038
5039
5040
5041
5042
5044
5045
5046
5047
5048
5049
5050
5051
5054
5056
5059
5061
5062
5063
5065
5066
5067
5068
5070
5071
5072
5073
5076
5080
5081
5083
5084
5085
5088
5091
5092
5095
5096
5098
5099
5100
5101
5102
5103
5105
5106
5107
5108
5109
5110
5111
5112
5114
5115
5118
5120
5121
5122
5123
5124
5125
5127
5128
5129
5134
5135
5136
5138
5139
5140
5141
5142
5145
5147
5148
5149
5150
5152
5153
5154
5155
5160
5161
5162
5164
5167
5168
5170
5171
5172
5174
5177
5178
5179
5180
5181
5183
5185
5186
5190
5191
5192
5194
5197
5198
5199
5200
5201
5202
5203
5204
5205
5206
5207
5208
5209
5210
5214
5215
5217
5218
5220
5221
5224
5226
5228
5231
5232
5233
5234
5235
5236
5237
5238
5241
5242
5243
5244
5245
5246
5247
5249
5250
5252
5256
5258
5265
5266
5267
5268
5272
5274
5275
5277
5280
5282
5283
5284
5286
5287
5290
5291
5292
5293
5295
5296
5297
5298
5300
5301
5302
5303
5304
5305
5306
5308
5310
5311
5313
5315
5316
5319
5320
5321
5323
5324
5325
5326
5329
5331
5333
5334
5335
5336
5338
5340
5342
5343
5344
5348
5349
5350
5351
5352
5356
5357
5359
5360
5361
5362
5363
5364
5365
5366
5367
5369
5371
5373
5374
5375
5376
5378
5380
5381
5382
5384
5385
5386
5387
5388
5389
5390
5391
5392
5394
5395
5397
5398
5399
5401
5403
5404
5405
5407
5408
5409
5411
5413
5416
5417
5420
5421
5422
5423
5425
5426
5429
5430
5435
5436
5437
5438
5439
5440
5446
5448
5449
5451
5452
5453
5457
5458
5460
5467
5468
5469
5470
5474
5475
5477
5478
5481
5482
5483
5486
5489
5491
5493
5494
5497
5498
5499
5501
5502
5505
5506
5507
5508
5509
5510
5511
5512
5513
5515
5517
5521
5523
5525
5527
5528
5530
5533
5534
5535
5536
5537
5538
5539
5542
5543
5544
5546
5547
5550
5551
5552
5555
5556
5557
5558
5560
5563
5564
5565
5568
5569
5570
5571
5573
5574
5575
5577
5578
5580
5582
5583
5585
5586
5588
5589
5590
5593
5595
5597
5598
5599
5600
5601
5603
5605
5606
5607
5611
5612
5613
5614
5615
5616
5619
5620
5621
5623
5625
5626
5627
5628
5629
5632
5633
5635
5636
5637
5638
5639
5643
5645
5648
5651
5653
5657
5658
5660
5661
5664
5665
5668
5671
5672
5673
5674
5676
5677
5678
5679
5680
5682
5684
5685
5686
5687
5689
5690
5691
5692
5694
5696
5697
5700
5702
5703
5705
5706
5708
5710
5711
5713
5716
5717
5718
5719
5720
5722
5723
5725
5728
5732
5734
5736
5737
5739
5741
5746
5747
5751
5752
5753
5754
5755
5756
5757
5758
5760
5761
5762
5763
5764
5766
5767
5769
5771
5773
5775
5776
5777
5779
5780
5781
5782
5783
5785
5786
5787
5788
5791
5792
5793
5795
5796
5798
5799
5802
5804
5806
5807
5808
5809
5812
5813
5814
5815
5817
5818
5821
5823
5827
5828
5829
5831
5834
5836
5837
5841
5843
5844
5845
5846
5848
5851
5852
5854
5857
5858
5859
5860
5861
5863
5865
5867
5868
5869
5870
5871
5872
5875
5876
5877
5882
5886
5889
5890
5891
5892
5893
5895
5897
5899
5900
5902
5908
5909
5910
5911
5912
5914
5915
5917
5918
5919
5920
5921
5922
5923
5924
5926
5927
5929
5930
5932
5933
5936
5937
5943
5944
5947
5948
5949
5952
5953
5960
5963
5967
5968
5969
5970
5973
5975
5976
5978
5981
5983
5984
5985
5987
5989
5990
5991
5992
5995
5997
5998
6000
6001
6003
6004
6008
6009
6010
6014
6015
6016
6017
6018
6019
6020
6021
6022
6024
6026
6027
6029
6030
6033
6034
6036
6038
6041
6043
6045
6046
6047
6048
6050
6051
6053
6055
6056
6057
6058
6059
6060
6061
6064
6065
6066
6067
6068
6069
6071
6074
6076
6077
6080
6082
6084
6086
6087
6088
6089
6090
6097
6098
6103
6104
6105
6106
6108
6109
6111
6112
6113
6114
6116
6117
6118
6119
6121
6122
6123
6125
6126
6127
6129
6131
6134
6136
6140
6144
6145
6147
6148
6150
6151
6152
6155
6156
6157
6158
6161
6162
6163
6169
6170
6171
6172
6173
6174
6175
6177
6178
6179
6182
6185
6187
6189
6190
6191
6192
6193
6194
6195
6196
6197
6200
6205
6206
6207
6208
6211
6215
6217
6218
6219
6220
6222
6224
6225
6226
6228
6231
6232
6233
6235
6236
6237
6238
6241
6242
6244
6246
6248
6249
6250
6251
6252
6254
6255
6256
6257
6258
6259
6260
6263
6266
6268
6271
6273
6274
6276
6277
6278
6281
6282
6285
6289
6295
6296
6299
6300
6301
6303
6305
6307
6309
6310
6312
6314
6315
6317
6319
6320
6322
6325
6326
6327
6330
6331
6333
6334
6336
6337
6338
6339
6342
6346
6347
6348
6351
6352
6355
6356
6357
6358
6359
6360
6362
6363
6364
6366
6367
6370
6371
6377
6378
6379
6380
6382
6384
6385
6386
6387
6393
6394
6395
6396
6397
6398
6399
6401
6405
6407
6408
6409
6411
6416
6417
6418
6420
6421
6423
6424
6427
6428
6429
6430
6433
6435
6437
6439
6442
6443
6444
6445
6446
6448
6451
6452
6453
6455
6456
6457
6458
6459
6460
6461
6463
6465
6467
6468
6470
6471
6472
6473
6474
6475
6477
6479
6481
6483
6486
6487
6490
6491
6493
6494
6498
6499
6500
6501
6503
6504
6507
6508
6511
6512
6514
6515
6516
6517
6518
6520
6522
6524
6527
6531
6534
6535
6536
6538
6539
6540
6542
6544
6545
6546
6547
6550
6553
6554
6556
6557
6560
6562
6565
6568
6570
6571
6572
6573
6575
6576
6577
6579
6580
6581
6582
6583
6585
6586
6587
6588
6591
6592
6593
6594
6595
6596
6597
6598
6599
6600
6601
6602
6603
6605
6606
6608
6609
6610
6611
6612
6613
6614
6616
6617
6618
6619
6620
6621
6624
6626
6628
6629
6630
6631
6632
6634
6635
6636
6637
6639
6641
6642
6643
6644
6647
6650
6652
6659
6660
6661
6662
6663
6667
6668
6669
6671
6672
6673
6674
6675
6677
6679
6680
6683
6684
6687
6689
6690
6692
6694
6696
6697
6699
6701
6702
6703
6705
6708
6713
6715
6717
6718
6719
6720
6722
6723
6726
6727
6728
6731
6734
6735
6736
6737
6738
6740
6742
6743
6746
6748
6751
6752
6753
6754
6755
6756
6760
6763
6764
6765
6767
6768
6770
6771
6772
6774
6775
6776
6777
6778
6780
6783
6784
6786
6787
6789
6790
6791
6793
6795
6798
6800
6802
6803
6804
6805
6807
6812
6813
6815
6819
6821
6824
6825
6828
6830
6831
6835
6836
6837
6838
6841
6842
6844
6845
6847
6848
6850
6851
6852
6854
6856
6857
6859
6860
6861
6862
6863
6864
6867
6870
6874
6875
6876
6878
6879
6880
6882
6883
6884
6891
6894
6895
6896
6898
6900
6901
6903
6904
6906
6908
6910
6911
6912
6913
6914
6915
6916
6917
6918
6919
6922
6923
6925
6926
6930
6931
6933
6934
6937
6938
6939
6941
6948
6951
6952
6955
6956
6958
6960
6962
6963
6965
6966
6968
6969
6970
6971
6972
6975
6976
6977
6978
6980
6983
6984
6985
6986
6987
6988
6989
6990
6992
6996
6998
7000
7004
7007
7013
7014
7015
7017
7018
7021
7022
7023
7024
7025
7026
7027
7030
7031
7033
7034
7036
7039
7040
7041
7042
7044
7046
7047
7048
7050
7052
7055
7056
7058
7059
7062
7063
7064
7066
7069
7071
7073
7075
7076
7078
7081
7083
7084
7086
7087
7091
7092
7093
7094
7097
7098
7099
7100
7101
7102
7106
7108
7109
7110
7111
7112
7113
7119
7123
7124
7125
7127
7128
7129
7130
7133
7134
7135
7136
7137
7138
7140
7141
7144
7147
7148
7150
7151
7152
7155
7156
7157
7159
7161
7163
7164
7165
7166
7167
7170
7171
7172
7173
7174
7175
7176
7177
7178
7179
7181
7184
7185
7186
7190
7191
7192
7193
7196
7198
7199
7200
7201
7203
7204
7207
7208
7210
7211
7212
7214
7215
7216
7218
7219
7221
7222
7223
7224
7225
7226
7228
7229
7230
7231
7233
7234
7236
7238
7239
7240
7242
7243
7244
7245
7251
7252
7254
7256
7257
7258
7259
7260
7263
7264
7265
7266
7268
7269
7275
7276
7277
7280
7281
7282
7283
7284
7287
7288
7292
7293
7294
7295
7296
7297
7299
7301
7302
7303
7305
7306
7308
7310
7314
7316
7318
7319
7320
7324
7327
7328
7329
7332
7334
7335
7336
7337
7338
7339
7340
7342
7343
7344
7345
7347
7348
7350
7351
7352
7353
7355
7356
7357
7358
7360
7361
7362
7364
7367
7368
7371
7372
7373
7374
7376
7377
7380
7382
7383
7386
7387
7388
7389
7390
7393
7394
7395
7396
7397
7398
7403
7406
7407
7410
7412
7416
7417
7418
7420
7421
7422
7423
7424
7426
7428
7429
7430
7431
7432
7433
7436
7437
7438
7439
7440
7441
7442
7443
7444
7448
7450
7451
7453
7454
7456
7459
7460
7463
7465
7466
7467
7468
7472
7473
7475
7476
7477
7478
7481
7482
7483
7484
7486
7491
7492
7493
7495
7498
7502
7503
7506
7508
7512
7513
7514
7516
7517
7518
7519
7520
7521
7522
7524
7527
7528
7530
7535
7536
7537
7540
7543
7544
7545
7546
7552
7554
7556
7558
7559
7560
7563
7568
7569
7571
7572
7573
7574
7575
7576
7577
7579
7581
7583
7584
7585
7586
7587
7588
7590
7591
7593
7595
7596
7597
7601
7602
7604
7606
7607
7610
7611
7612
7613
7617
7618
7620
7621
7622
7623
7628
7630
7632
7636
7637
7640
7641
7642
7643
7644
7646
7647
7648
7650
7652
7653
7654
7658
7659
7660
7661
7662
7663
7665
7668
7674
7677
7680
7682
7683
7684
7685
7686
7687
7689
7693
7694
7695
7698
7700
7701
7703
7704
7705
7706
7707
7712
7713
7715
7716
7719
7722
7723
7724
7725
7726
7730
7735
7736
7737
7738
7742
7743
7745
7748
7750
7751
7753
7754
7755
7756
7757
7758
7760
7761
7764
7765
7766
7768
7769
7770
7771
7772
7776
7777
7781
7782
7783
7787
7788
7789
7791
7793
7799
7800
7801
7802
7804
7805
7807
7808
7809
7811
7812
7815
7816
7818
7822
7823
7824
7825
7826
7827
7828
7830
7831
7832
7833
7834
7835
7836
7837
7841
7842
7844
7845
7847
7848
7849
7851
7852
7853
7855
7857
7858
7859
7862
7863
7864
7866
7867
7871
7873
7876
7878
7880
7881
7882
7883
7884
7886
7888
7892
7893
7894
7896
7901
7902
7905
7906
7908
7909
7913
7914
7918
7920
7921
7922
7924
7925
7926
7927
7928
7929
7930
7931
7936
7937
7938
7940
7942
7943
7944
7945
7947
7949
7951
7952
7953
7957
7959
7961
7963
7965
7968
7970
7971
7972
7974
7976
7978
7979
7981
7982
7983
7985
7987
7989
7991
7992
7996
7997
7998
8000
8001
8002
8004
8008
8009
8010
8012
8014
8016
8017
8021
8022
8023
8025
8026
8027
8030
8031
8032
8033
8034
8036
8039
8040
8043
8046
8047
8048
8050
8053
8054
8055
8056
8057
8058
8059
8061
8062
8063
8065
8069
8071
8072
8073
8075
8076
8080
8082
8084
8087
8089
8092
8093
8094
8096
8097
8099
8100
8101
8103
8105
8106
8109
8110
8112
8114
8116
8118
8119
8122
8123
8125
8126
8127
8128
8130
8134
8135
8136
8142
8143
8144
8145
8146
8147
8149
8150
8151
8152
8155
8156
8159
8164
8169
8172
8174
8176
8177
8179
8181
8182
8183
8185
8187
8189
8191
8192
8193
8194
8195
8196
8198
8199
8200
8201
8202
8203
8204
8205
8206
8207
8208
8210
8211
8212
8214
8216
8218
8219
8220
8221
8222
8223
8224
8226
8227
8229
8235
8236
8238
8240
8242
8244
8245
8246
8247
8248
8250
8251
8252
8253
8254
8255
8260
8262
8264
8265
8266
8269
8271
8272
8273
8274
8275
8277
8278
8279
8280
8282
8283
8286
8287
8289
8290
8291
8292
8293
8295
8296
8297
8298
8299
8300
8303
8304
8306
8307
8308
8309
8310
8313
8314
8315
8316
8317
8320
8321
8325
8326
8327
8328
8329
8331
8332
8333
8335
8340
8346
8347
8348
8349
8350
8351
8352
8353
8354
8355
8356
8357
8359
8360
8361
8362
8364
8365
8369
8371
8375
8376
8378
8379
8381
8383
8384
8385
8386
8387
8388
8389
8390
8391
8392
8394
8397
8398
8399
8400
8402
8403
8405
8406
8409
8410
8412
8413
8414
8415
8416
8417
8421
8423
8424
8425
8426
8427
8430
8431
8433
8434
8435
8436
8437
8438
8439
8440
8441
8442
8443
8444
8446
8447
8448
8449
8450
8452
8453
8454
8455
8457
8458
8459
8460
8462
8464
8465
8466
8470
8473
8475
8476
8477
8480
8482
8485
8486
8487
8488
8493
8495
8497
8499
8501
8504
8505
8506
8507
8508
8509
8510
8512
8513
8517
8518
8519
8521
8522
8523
8524
8525
8526
8528
8529
8531
8532
8533
8534
8535
8536
8537
8538
8540
8541
8543
8548
8549
8550
8551
8552
8553
8555
8556
8558
8559
8560
8561
8562
8563
8565
8566
8567
8569
8572
8575
8577
8578
8579
8582
8583
8584
8585
8588
8589
8590
8597
8598
8599
8600
8601
8602
8603
8604
8605
8606
8608
8609
8610
8612
8613
8614
8617
8620
8621
8622
8623
8624
8626
8627
8629
8631
8634
8636
8641
8644
8645
8646
8647
8648
8650
8651
8652
8655
8657
8658
8659
8660
8661
8664
8665
8670
8672
8673
8674
8675
8676
8677
8679
8680
8682
8683
8685
8687
8688
8689
8690
8691
8692
8693
8696
8699
8700
8703
8705
8706
8709
8710
8711
8712
8714
8715
8716
8717
8718
8720
8723
8726
8727
8728
8729
8730
8731
8732
8733
8735
8738
8740
8741
8742
8743
8745
8746
8747
8748
8751
8752
8753
8755
8756
8758
8760
8764
8766
8767
8768
8770
8771
8773
8774
8775
8777
8780
8781
8782
8784
8785
8787
8790
8795
8796
8798
8799
8801
8804
8806
8808
8809
8810
8811
8813
8816
8817
8820
8822
8823
8824
8827
8831
8832
8833
8836
8837
8844
8845
8846
8851
8852
8857
8862
8864
8867
8868
8869
8870
8871
8873
8874
8876
8878
8879
8881
8884
8886
8887
8888
8889
8891
8893
8894
8897
8900
8901
8904
8905
8909
8910
8911
8912
8914
8915
8916
8917
8918
8919
8920
8923
8925
8926
8927
8928
8929
8931
8932
8933
8934
8935
8938
8940
8941
8944
8945
8946
8951
8952
8953
8955
8956
8957
8958
8959
8960
8962
8963
8965
8967
8969
8972
8973
8975
8976
8977
8978
8979
8980
8981
8984
8985
8986
8987
8988
8989
8990
8992
8993
8995
8996
8997
8998
9002
9005
9009
9010
9012
9014
9015
9016
9018
9019
9021
9022
9024
9025
9028
9029
9031
9036
9038
9039
9040
9041
9042
9046
9048
9051
9052
9054
9057
9059
9060
9061
9062
9065
9066
9067
9068
9071
9075
9078
9079
9080
9081
9082
9083
9085
9086
9089
9092
9093
9094
9095
9096
9097
9100
9101
9102
9104
9105
9106
9107
9108
9110
9111
9112
9114
9116
9119
9120
9121
9122
9123
9124
9129
9132
9133
9135
9136
9138
9141
9142
9143
9144
9146
9148
9149
9150
9152
9153
9154
9157
9159
9161
9165
9167
9169
9170
9173
9174
9175
9177
9178
9179
9180
9182
9184
9186
9188
9189
9190
9191
9193
9195
9196
9197
9198
9199
9202
9203
9204
9207
9211
9213
9215
9216
9218
9220
9222
9223
9224
9225
9228
9229
9230
9231
9235
9237
9238
9239
9241
9242
9245
9246
9247
9248
9249
9250
9253
9254
9261
9262
9264
9265
9266
9268
9269
9270
9272
9274
9275
9277
9279
9280
9281
9284
9285
9286
9287
9289
9290
9292
9293
9295
9296
9297
9298
9299
9302
9303
9305
9307
9310
9311
9312
9314
9316
9318
9319
9320
9325
9326
9327
9328
9329
9332
9334
9336
9338
9341
9343
9345
9347
9350
9351
9352
9353
9354
9355
9356
9362
9363
9364
9365
9366
9367
9370
9372
9373
9376
9377
9378
9379
9380
9383
9384
9386
9387
9390
9392
9394
9395
9396
9397
9400
9401
9402
9403
9404
9405
9406
9407
9408
9409
9410
9411
9412
9415
9416
9418
9419
9420
9421
9422
9423
9424
9426
9429
9432
9433
9434
9435
9437
9439
9441
9443
9444
9445
9447
9448
9449
9450
9451
9452
9453
9454
9455
9456
9458
9459
9460
9461
9462
9463
9464
9466
9467
9469
9470
9471
9472
9473
9475
9476
9478
9480
9482
9483
9485
9486
9487
9488
9490
9493
9496
9499
9500
9502
9503
9505
9506
9507
9509
9510
9511
9512
9514
9515
9516
9518
9519
9521
9523
9527
9530
9532
9535
9536
9537
9538
9539
9541
9544
9550
9551
9552
9553
9554
9559
9560
9561
9562
9563
9564
9565
9566
9567
9569
9570
9571
9573
9574
9575
9576
9577
9582
9585
9586
9589
9590
9594
9595
9596
9598
9599
9601
9604
9606
9607
9610
9611
9613
9614
9616
9617
9618
9619
9620
9621
9623
9624
9625
9629
9630
9631
9632
9636
9639
9640
9641
9642
9644
9646
9647
9648
9649
9650
9652
9653
9657
9658
9660
9663
9664
9665
9666
9667
9670
9671
9672
9673
9675
9676
9679
9681
9683
9684
9688
9689
9690
9692
9695
9696
9699
9700
9701
9702
9703
9704
9707
9708
9709
9710
9713
9714
9715
9716
9718
9719
9720
9721
9722
9723
9724
9725
9726
9727
9729
9730
9731
9732
9733
9735
9736
9737
9738
9739
9740
9741
9742
9743
9745
9746
9748
9749
9750
9751
9755
9756
9759
9760
9762
9763
9765
9767
9769
9770
9772
9773
9774
9777
9780
9781
9782
9784
9786
9788
9789
9790
9791
9792
9793
9794
9795
9796
9800
9801
9802
9803
9804
9807
9810
9811
9813
9814
9816
9817
9818
9820
9821
9822
9823
9824
9825
9826
9827
9830
9831
9832
9834
9835
9836
9837
9840
9841
9844
9845
9846
9847
9848
9849
9851
9852
9853
9854
9855
9856
9857
9858
9859
9860
9861
9862
9863
9864
9865
9867
9868
9869
9870
9871
9873
9874
9875
9876
9878
9879
9881
9882
9883
9884
9885
9886
9887
9888
9889
9891
9892
9893
9895
9896
9902
9903
9905
9907
9908
9910
9911
9912
9914
9916
9917
9918
9920
9921
9922
9923
9925
9926
9927
9928
9929
9930
9931
9932
9934
9935
9937
9938
9939
9941
9942
9946
9949
9951
9952
9954
9957
9959
9960
9961
9962
9963
9964
9967
9968
9969
9970
9971
9977
9980
9982
9983
9984
9985
9987
9988
9992
9993
9994
9997
9999
10000
10001
10002
10004
10008
10012
10015
10016
10017
10021
10023
10026
10027
10028
10030
10031
10033
10036
10037
10038
10040
10041
10042
10043
10044
10046
10048
10049
10050
10051
10052
10053
10054
10055
10057
10058
10059
10061
10064
10065
10066
10067
10069
10070
10072
10075
10079
10080
10081
10082
10084
10087
10088
10091
10092
10093
10094
10095
10098
10100
10101
10102
10103
10104
10105
10107
10108
10110
10113
10115
10117
10119
10120
10123
10124
10125
10126
10131
10133
10135
10138
10139
10140
10141
10142
10143
10144
10147
10149
10150
10151
10152
10155
10156
10157
10158
10159
10160
10164
10165
10167
10168
10173
10174
10175
10176
10177
10180
10187
10188
10190
10194
10195
10196
10197
10200
10202
10205
10208
10211
10212
10213
10214
10216
10217
10218
10220
10221
10222
10223
10224
10227
10229
10231
10232
10235
10236
10237
10238
10241
10242
10244
10245
10246
10248
10249
10250
10251
10252
10255
10257
10258
10259
10260
10261
10262
10264
10267
10271
10272
10273
10276
10277
10280
10282
10283
10285
10286
10288
10289
10290
10291
10293
10294
10295
10297
10303
10308
10309
10312
10313
10314
10315
10316
10317
10318
10320
10321
10322
10323
10325
10326
10328
10329
10331
10332
10334
10335
10336
10337
10338
10339
10342
10343
10344
10345
10346
10348
10349
10350
10355
10358
10359
10360
10363
10364
10365
10366
10369
10372
10373
10374
10376
10379
10382
10384
10387
10388
10392
10393
10394
10396
10397
10398
10399
10400
10401
10402
10404
10405
10406
10410
10411
10414
10416
10418
10419
10420
10421
10422
10424
10425
10427
10429
10432
10433
10434
10437
10440
10441
10443
10445
10446
10447
10449
10450
10451
10452
10453
10454
10455
10459
10463
10464
10465
10472
10473
10474
10476
10477
10478
10481
10482
10485
10486
10488
10489
10490
10492
10493
10494
10496
10497
10498
10499
10502
10508
10510
10511
10514
10516
10517
10518
10519
10520
10521
10523
10524
10525
10526
10527
10529
10533
10534
10535
10536
10537
10539
10542
10545
10546
10547
10549
10550
10551
10552
10554
10555
10556
10559
10562
10564
10565
10571
10572
10573
10574
10575
10576
10577
10578
10580
10582
10583
10584
10585
10586
10588
10589
10590
10594
10595
10596
10598
10599
10600
10601
10603
10604
10605
10606
10609
10611
10613
10614
10617
10618
10620
10622
10624
10627
10628
10629
10631
10633
10634
10635
10636
10637
10638
10640
10641
10643
10644
10648
10649
10651
10653
10655
10657
10658
10660
10661
10662
10663
10664
10665
10668
10669
10670
10671
10673
10674
10676
10677
10678
10679
10680
10681
10682
10683
10684
10686
10687
10688
10689
10694
10697
10698
10700
10701
10704
10705
10706
10707
10708
10709
10710
10711
10714
10715
10716
10717
10718
10719
10720
10722
10723
10725
10727
10729
10731
10733
10734
10735
10736
10737
10738
10739
10742
10743
10744
10745
10746
10747
10751
10753
10754
10755
10757
10758
10760
10763
10764
10765
10767
10768
10771
10772
10773
10774
10775
10778
10779
10780
10781
10787
10789
10795
10796
10797
10798
10799
10800
10801
10802
10805
10806
10807
10808
10809
10813
10814
10815
10816
10818
10819
10820
10821
10823
10826
10827
10828
10830
10832
10833
10834
10836
10839
10840
10842
10843
10844
10845
10848
10849
10851
10852
10853
10855
10856
10857
10858
10859
10860
10861
10868
10870
10871
10872
10873
10875
10879
10881
10883
10884
10885
10889
10891
10893
10895
10896
10897
10899
10900
10902
10903
10905
10910
10911
10913
10914
10915
10917
10918
10919
10920
10921
10922
10923
10926
10927
10929
10931
10932
10933
10934
10935
10938
10940
10941
10942
10943
10944
10948
10952
10954
10955
10956
10957
10958
10960
10962
10963
10966
10967
10969
10970
10972
10975
10979
10983
10984
10985
10987
10991
10992
10993
10998
11000
11001
11004
11005
11008
11010
11011
11013
11014
11016
11018
11020
11021
11022
11023
11024
11026
11029
11030
11031
11032
11033
11034
11035
11036
11037
11038
11039
11041
11042
11043
11044
11045
11046
11052
11053
11054
11055
11056
11058
11059
11061
11062
11063
11064
11065
11066
11068
11069
11070
11072
11073
11074
11078
11079
11081
11082
11085
11086
11088
11089
11090
11091
11092
11093
11094
11095
11096
11097
11098
11100
11101
11104
11105
11106
11108
11109
11110
11112
11113
11114
11115
11117
11118
11120
11121
11127
11128
11129
11132
11133
11135
11138
11139
11140
11141
11142
11143
11144
11145
11146
11147
11149
11150
11151
11154
11155
11157
11158
11160
11161
11164
11166
11168
11169
11170
11172
11174
11175
11179
11180
11181
11182
11186
11188
11189
11191
11193
11194
11196
11197
11198
11201
11202
11205
11207
11208
11209
11213
11214
11215
11216
11219
11220
11223
11225
11226
11227
11228
11229
11230
11231
11232
11233
11234
11238
11241
11245
11246
11247
11248
11249
11251
11252
11255
11257
11258
11260
11264
11265
11266
11269
11270
11272
11273
11279
11283
11287
11289
11292
11293
11294
11295
11298
11299
11300
11302
11304
11305
11307
11308
11309
11313
11314
11315
11316
11317
11318
11319
11320
11321
11323
11324
11325
11326
11327
11328
11330
11331
11332
11333
11334
11335
11340
11341
11342
11343
11344
11345
11346
11348
11349
11354
11356
11362
11363
11364
11365
11367
11368
11369
11370
11372
11378
11380
11382
11383
11384
11385
11386
11388
11390
11391
11392
11393
11394
11396
11397
11398
11400
11401
11402
11403
11404
11405
11407
11408
11409
11410
11412
11413
11414
11415
11416
11417
11418
11419
11421
11422
11424
11425
11426
11427
11428
11429
11430
11433
11434
11435
11436
11437
11438
11440
11442
11444
11445
11446
11451
11452
11453
11454
11457
11458
11461
11464
11465
11467
11469
11470
11472
11474
11475
11476
11477
11482
11484
11485
11487
11489
11490
11491
11492
11494
11497
11500
11501
11502
11504
11506
11508
11509
11511
11512
11513
11514
11515
11516
11517
11518
11520
11525
11526
11527
11529
11534
11536
11538
11539
11540
11542
11543
11545
11546
11547
11548
11550
11552
11555
11556
11557
11558
11560
11565
11568
11569
11570
11572
11574
11575
11576
11577
11579
11580
11583
11584
11587
11588
11589
11591
11592
11594
11595
11597
11598
11600
11602
11603
11605
11606
11607
11608
11609
11612
11613
11615
11617
11618
11620
11621
11622
11623
11624
11627
11629
11631
11632
11633
11634
11636
11637
11638
11639
11640
11641
11642
11643
11645
11646
11648
11649
11650
11653
11654
11655
11656
11657
11658
11659
11660
11661
11662
11663
11666
11667
11670
11671
11672
11673
11675
11676
11678
11679
11681
11682
11683
11685
11686
11687
11688
11690
11691
11692
11693
11694
11697
11698
11699
11702
11707
11708
11709
11710
11711
11712
11713
11715
11716
11717
11718
11720
11721
11722
11723
11724
11725
11729
11730
11731
11733
11734
11735
11738
11741
11744
11746
11747
11749
11750
11752
11756
11758
11760
11762
11763
11764
11765
11766
11770
11771
11772
11773
11777
11778
11779
11780
11781
11782
11784
11785
11787
11789
11790
11791
11792
11793
11795
11796
11798
11799
11800
11803
11804
11805
11806
11810
11812
11813
11814
11815
11817
11819
11821
11823
11824
11825
11828
11829
11831
11833
11834
11835
11838
11839
11842
11844
11846
11848
11849
11851
11852
11854
11856
11857
11858
11859
11862
11863
11866
11867
11868
11869
11870
11871
11872
11873
11874
11875
11876
11877
11879
11880
11881
11882
11884
11885
11886
11890
11893
11894
11895
11896
11897
11898
11899
11900
11901
11903
11904
11905
11907
11908
11909
11910
11911
11912
11917
11918
11919
11920
11923
11925
11927
11928
11929
11930
11931
11932
11933
11934
11935
11937
11938
11939
11941
11942
11943
11945
11947
11948
11951
11954
11955
11956
11959
11960
11961
11962
11963
11966
11970
11971
11972
11975
11976
11977
11984
11989
11993
11994
11998
11999
12002
12004
12005
12007
12008
12009
12012
12013
12014
12019
12021
12022
12023
12025
12028
12029
12030
12031
12033
12034
12035
12037
12039
12043
12044
12045
12047
12049
12052
12053
12054
12057
12058
12059
12060
12061
12062
12064
12065
12066
12068
12071
12073
12074
12075
12078
12079
12080
12081
12082
12083
12084
12087
12088
12089
12090
12092
12093
12096
12097
12101
12108
12109
12110
12112
12113
12114
12116
12117
12118
12119
12120
12122
12123
12125
12126
12127
12128
12130
12131
12133
12134
12136
12137
12139
12143
12145
12146
12148
12149
12150
12151
12152
12153
12154
12155
12156
12157
12159
12160
12163
12164
12165
12166
12169
12173
12175
12176
12178
12179
12180
12181
12182
12183
12184
12185
12186
12187
12188
12189
12191
12192
12193
12197
12199
12201
12202
12203
12204
12205
12206
12207
12209
12210
12211
12212
12213
12214
12218
12221
12222
12223
12224
12225
12232
12233
12234
12236
12237
12238
12243
12245
12246
12247
12248
12249
12251
12253
12254
12256
12257
12258
12259
12260
12261
12262
12265
12266
12267
12268
12269
12270
12271
12272
12273
12276
12277
12279
12280
12281
12283
12286
12287
12288
12290
12291
12292
12293
12294
12296
12297
12298
12299
12300
12301
12306
12307
12310
12312
12313
12315
12316
12317
12318
12319
12322
12324
12325
12329
12330
12332
12333
12336
12339
12340
12342
12343
12344
12345
12347
12348
12350
12351
12352
12357
12359
12360
12361
12365
12366
12367
12368
12369
12370
12371
12372
12374
12376
12378
12379
12380
12381
12383
12384
12385
12387
12388
12389
12391
12393
12394
12396
12397
12401
12402
12403
12406
12409
12410
12413
12414
12416
12417
12418
12419
12420
12421
12422
12424
12425
12426
12427
12428
12429
12430
12431
12432
12433
12434
12436
12438
12439
12440
12442
12443
12445
12446
12449
12450
12453
12454
12457
12458
12462
12463
12467
12468
12469
12471
12472
12473
12474
12475
12476
12478
12479
12480
12482
12484
12487
12488
12490
12491
12492
12495
12496
12497
12498
12499
12502
12503
12504
12506
12507
12508
12509
12510
12511
12513
12514
12517
12518
12521
12522
12523
12524
12525
12529
12533
12535
12537
12538
12539
12540
12541
12543
12545
12547
12548
12549
12551
12552
12553
12554
12555
12557
12558
12561
12562
12566
12567
12568
12569
12570
12571
12572
12574
12576
12577
12578
12579
12580
12581
12582
12583
12586
12587
12588
12591
12592
12593
12594
12597
12599
12600
12602
12603
12604
12605
12606
12608
12611
12612
12614
12615
12617
12618
12621
12622
12624
12625
12626
12627
12632
12633
12634
12635
12636
12637
12638
12639
12640
12641
12642
12643
12645
12647
12648
12650
12651
12652
12653
12654
12656
12657
12658
12660
12661
12662
12663
12664
12665
12666
12667
12668
12669
12673
12677
12679
12682
12683
12684
12685
12686
12687
12688
12689
12691
12693
12696
12697
12699
12701
12702
12708
12711
12712
12713
12716
12718
12726
12727
12730
12732
12733
12734
12735
12736
12737
12738
12740
12741
12742
12744
12747
12749
12750
12751
12753
12754
12755
12756
12758
12761
12763
12765
12770
12772
12773
12775
12776
12779
12780
12781
12782
12783
12785
12786
12787
12790
12791
12792
12793
12794
12796
12797
12798
12799
12800
12801
12803
12804
12805
12807
12808
12809
12812
12814
12815
12816
12817
12818
12820
12824
12829
12832
12834
12835
12836
12837
12840
12842
12843
12844
12845
12846
12849
12850
12851
12852
12853
12855
12856
12857
12859
12860
12862
12863
12864
12865
12870
12876
12879
12881
12883
12884
12885
12886
12889
12890
12893
12894
12895
12896
12897
12899
12901
12902
12904
12905
12907
12909
12910
12912
12913
12914
12915
12916
12918
12919
12920
12921
12923
12924
12925
12927
12928
12929
12934
12935
12936
12937
12940
12941
12942
12943
12946
12947
12948
12951
12955
12957
12960
12964
12966
12967
12972
12974
12976
12978
12979
12981
12982
12984
12987
12988
12992
12993
12994
12995
12996
12997
12999
13003
13004
13006
13008
13009
13010
13015
13016
13017
13024
13026
13027
13028
13029
13030
13031
13033
13035
13036
13039
13040
13041
13042
13044
13046
13049
13050
13052
13053
13055
13057
13058
13059
13062
13064
13065
13066
13067
13070
13073
13074
13075
13076
13077
13079
13080
13081
13082
13087
13088
13089
13090
13091
13092
13098
13099
13100
13102
13104
13105
13106
13108
13109
13110
13112
13113
13114
13115
13116
13117
13118
13119
13120
13123
13125
13126
13127
13128
13129
13130
13131
13133
13138
13139
13140
13143
13144
13146
13147
13149
13151
13152
13153
13154
13155
13156
13157
13159
13162
13165
13168
13169
13171
13172
13173
13175
13176
13177
13178
13179
13180
13181
13182
13185
13186
13188
13189
13190
13191
13192
13193
13195
13197
13199
13200
13203
13204
13205
13206
13207
13208
13209
13212
13213
13214
13215
13216
13217
13218
13220
13221
13222
13224
13225
13231
13232
13233
13234
13235
13237
13238
13241
13242
13244
13246
13250
13255
13258
13260
13262
13263
13264
13265
13266
13268
13269
13272
13273
13274
13275
13277
13279
13281
13283
13286
13287
13288
13289
13290
13291
13293
13295
13297
13298
13299
13300
13305
13308
13311
13312
13315
13316
13317
13318
13319
13320
13321
13323
13325
13326
13327
13328
13329
13330
13331
13333
13334
13335
13336
13338
13340
13342
13343
13344
13345
13347
13348
13350
13351
13353
13354
13355
13356
13358
13360
13361
13362
13363
13364
13365
13367
13371
13372
13374
13376
13377
13378
13381
13382
13383
13387
13388
13389
13390
13393
13395
13396
13397
13398
13402
13403
13407
13410
13411
13412
13413
13414
13416
13418
13420
13421
13422
13424
13425
13427
13429
13430
13432
13436
13437
13440
13442
13443
13444
13445
13446
13447
13449
13450
13452
13456
13457
13459
13460
13464
13466
13467
13468
13470
13472
13473
13474
13475
13476
13477
13478
13480
13481
13482
13483
13484
13485
13488
13489
13490
13491
13492
13494
13495
13496
13497
13499
13501
13505
13506
13509
13515
13519
13520
13521
13524
13525
13526
13527
13529
13531
13532
13535
13536
13538
13540
13544
13547
13548
13549
13551
13555
13558
13559
13560
13562
13563
13565
13567
13568
13569
13570
13572
13575
13576
13580
13581
13584
13585
13588
13592
13593
13594
13595
13598
13601
13602
13604
13605
13606
13610
13611
13612
13613
13614
13615
13618
13619
13621
13622
13623
13624
13626
13629
13630
13631
13632
13633
13636
13637
13638
13639
13641
13642
13643
13645
13648
13649
13651
13653
13654
13655
13657
13659
13661
13662
13664
13666
13667
13669
13670
13672
13674
13675
13676
13682
13683
13684
13686
13688
13690
13691
13692
13693
13694
13695
13696
13698
13700
13701
13702
13704
13706
13707
13709
13714
13715
13717
13718
13719
13720
13722
13724
13725
13726
13727
13728
13729
13730
13731
13732
13733
13736
13737
13738
13740
13741
13743
13746
13747
13751
13752
13753
13754
13757
13758
13759
13761
13762
13763
13764
13765
13767
13768
13770
13772
13774
13775
13776
13777
13778
13779
13780
13782
13783
13784
13786
13789
13790
13793
13795
13796
13798
13800
13802
13804
13806
13808
13810
13811
13812
13815
13817
13818
13821
13822
13823
13825
13829
13833
13837
13838
13841
13842
13843
13844
13846
13847
13848
13849
13850
13851
13855
13857
13858
13861
13862
13864
13868
13872
13873
13875
13877
13879
13882
13883
13884
13885
13886
13889
13890
13891
13892
13894
13895
13896
13897
13898
13899
13900
13901
13902
13904
13906
13908
13910
13912
13914
13915
13916
13918
13921
13922
13924
13925
13926
13927
13928
13929
13935
13936
13937
13938
13939
13941
13945
13946
13947
13948
13950
13951
13953
13955
13956
13957
13959
13961
13962
13964
13965
13966
13967
13968
13973
13974
13975
13976
13977
13978
13979
13980
13981
13984
13985
13986
13987
13988
13990
13991
13992
13993
13994
13995
13999
14000
14001
14003
14004
14005
14006
14008
14009
14011
14012
14014
14015
14016
14017
14019
14020
14021
14023
14026
14028
14029
14030
14032
14033
14034
14036
14038
14039
14040
14041
14042
14044
14046
14051
14053
14055
14057
14058
14060
14061
14062
14063
14066
14067
14068
14072
14073
14074
14075
14076
14077
14078
14079
14080
14081
14082
14088
14089
14091
14093
14094
14095
14098
14100
14102
14103
14104
14105
14107
14109
14110
14111
14114
14116
14117
14119
14120
14122
14124
14127
14128
14131
14135
14138
14139
14140
14141
14143
14144
14145
14147
14148
14150
14153
14154
14157
14159
14164
14165
14166
14167
14169
14172
14173
14175
14176
14179
14181
14182
14183
14184
14191
14192
14193
14195
14197
14199
14203
14204
14208
14209
14212
14213
14214
14215
14216
14217
14218
14220
14221
14222
14223
14224
14227
14228
14230
14231
14234
14235
14237
14238
14241
14243
14244
14246
14249
14250
14252
14255
14256
14259
14261
14262
14263
14264
14265
14267
14268
14269
14270
14271
14274
14275
14277
14278
14282
14286
14287
14288
14289
14293
14295
14296
14297
14298
14299
14300
14301
14304
14305
14306
14313
14314
14315
14316
14318
14320
14321
14322
14323
14324
14326
14328
14329
14331
14334
14336
14338
14339
14340
14341
14343
14345
14347
14348
14350
14353
14354
14355
14356
14358
14360
14362
14363
14364
14366
14367
14368
14369
14370
14372
14374
14375
14376
14377
14378
14381
14382
14385
14386
14388
14389
14391
14397
14398
14400
14401
14403
14405
14409
14410
14411
14412
14413
14414
14415
14420
14422
14423
14426
14427
14430
14433
14434
14435
14436
14437
14438
14439
14440
14441
14443
14444
14446
14447
14448
14449
14450
14451
14454
14455
14457
14458
14460
14462
14463
14466
14469
14470
14471
14472
14474
14477
14479
14481
14483
14484
14487
14491
14492
14493
14495
14496
14497
14498
14500
14501
14505
14506
14507
14509
14510
14511
14513
14514
14519
14522
14524
14525
14526
14530
14531
14533
14534
14535
14537
14538
14540
14541
14542
14543
14545
14546
14547
14548
14550
14551
14553
14557
14558
14559
14560
14561
14565
14566
14567
14569
14572
14574
14575
14576
14580
14581
14582
14584
14585
14586
14588
14589
14591
14592
14594
14596
14597
14598
14599
14600
14601
14603
14604
14606
14609
14610
14612
14615
14616
14617
14618
14619
14623
14624
14625
14626
14627
14629
14630
14631
14632
14636
14639
14640
14642
14644
14646
14649
14651
14653
14655
14657
14660
14661
14662
14663
14664
14666
14670
14672
14676
14678
14680
14681
14682
14683
14684
14685
14687
14690
14692
14693
14694
14696
14697
14702
14703
14705
14707
14708
14709
14710
14711
14715
14716
14718
14719
14720
14723
14724
14725
14726
14727
14728
14732
14733
14734
14736
14737
14740
14742
14745
14748
14749
14750
14751
14753
14754
14757
14758
14759
14760
14762
14763
14764
14765
14767
14768
14769
14770
14771
14772
14773
14774
14775
14776
14777
14778
14780
14781
14782
14783
14784
14788
14789
14790
14793
14794
14797
14798
14800
14802
14803
14805
14806
14807
14808
14809
14810
14812
14815
14816
14818
14820
14821
14824
14825
14830
14831
14832
14833
14837
14838
14839
14840
14843
14846
14847
14849
14850
14851
14852
14853
14855
14856
14857
14858
14860
14864
14868
14870
14872
14873
14874
14875
14876
14879
14882
14885
14886
14893
14895
14898
14899
14900
14901
14902
14904
14905
14907
14908
14911
14917
14920
14921
14923
14925
14927
14929
14930
14931
14932
14933
14934
14936
14937
14938
14939
14940
14941
14943
14944
14945
14946
14947
14949
14950
14951
14953
14954
14955
14956
14958
14959
14960
14963
14964
14966
14967
14968
14969
14970
14971
14972
14975
14976
14977
14978
14979
14980
14981
14983
14985
14986
14988
14989
14991
14993
14994
14995
14997
14999
15000
15002
15004
15006
15007
15008
15010
15011
15013
15016
15017
15019
15020
15022
15023
15024
15027
15029
15030
15033
15034
15036
15039
15041
15042
15043
15045
15047
15049
15050
15053
15054
15055
15056
15058
15059
15060
15062
15065
15067
15069
15070
15071
15075
15076
15077
15078
15079
15080
15081
15082
15084
15086
15088
15089
15090
15091
15093
15095
15097
15099
15100
15101
15102
15104
15105
15106
15109
15110
15111
15112
15115
15120
15121
15122
15124
15125
15126
15128
15129
15131
15132
15133
15134
15135
15137
15138
15141
15143
15144
15145
15146
15148
15149
15150
15151
15152
15153
15154
15155
15156
15157
15158
15159
15162
15163
15164
15165
15166
15167
15168
15169
15170
15172
15173
15175
15176
15177
15178
15179
15180
15181
15183
15184
15186
15188
15190
15191
15192
15194
15196
15198
15199
15200
15201
15202
15203
15204
15205
15206
15207
15208
15209
15210
15212
15213
15214
15216
15218
15220
15221
15222
15223
15225
15227
15228
15231
15232
15236
15238
15239
15241
15242
15247
15248
15249
15250
15251
15252
15257
15261
15263
15264
15265
15268
15269
15270
15272
15273
15275
15276
15277
15278
15279
15280
15281
15284
15285
15286
15289
15292
15293
15295
15296
15298
15299
15300
15301
15302
15303
15304
15305
15307
15308
15309
15310
15311
15312
15313
15315
15316
15322
15327
15328
15329
15330
15331
15332
15333
15334
15335
15336
15337
15338
15339
15342
15344
15346
15347
15348
15350
15351
15352
15354
15355
15356
15357
15358
15359
15364
15366
15367
15369
15370
15371
15372
15373
15374
15377
15378
15379
15381
15384
15386
15388
15389
15391
15392
15394
15395
15396
15397
15398
15399
15401
15402
15403
15404
15405
15411
15412
15413
15414
15416
15417
15418
15419
15420
15421
15422
15425
15426
15427
15428
15429
15430
15431
15432
15433
15434
15435
15436
15437
15438
15439
15441
15442
15443
15444
15446
15447
15448
15450
15452
15454
15455
15456
15457
15458
15459
15461
15463
15464
15468
15469
15471
15472
15473
15475
15476
15478
15480
15484
15489
15490
15491
15493
15497
15498
15503
15505
15506
15509
15510
15511
15512
15513
15517
15519
15520
15521
15524
15526
15527
15529
15530
15531
15533
15536
15538
15540
15541
15544
15546
15549
15550
15551
15556
15560
15561
15562
15563
15564
15565
15566
15567
15568
15569
15571
15573
15574
15576
15578
15579
15580
15581
15582
15583
15584
15585
15586
15587
15589
15590
15592
15593
15597
15598
15599
15600
15604
15606
15608
15610
15611
15613
15614
15615
15616
15618
15620
15621
15622
15623
15629
15630
15631
15632
15633
15634
15635
15637
15639
15640
15641
15643
15645
15647
15649
15650
15651
15654
15656
15658
15660
15661
15662
15664
15665
15666
15667
15669
15671
15672
15673
15674
15675
15676
15678
15680
15681
15683
15684
15685
15687
15688
15689
15690
15691
15692
15696
15697
15698
15702
15703
15704
15705
15706
15708
15710
15711
15712
15713
15714
15715
15716
15718
15719
15720
15722
15723
15724
15725
15727
15730
15731
15732
15733
15734
15735
15736
15738
15739
15740
15741
15742
15743
15744
15746
15753
15754
15755
15757
15758
15759
15761
15763
15765
15766
15768
15769
15770
15773
15774
15780
15781
15783
15784
15785
15786
15787
15788
15790
15791
15792
15794
15797
15799
15803
15807
15812
15813
15814
15817
15818
15819
15821
15823
15824
15826
15827
15829
15831
15832
15834
15835
15838
15839
15840
15843
15845
15846
15847
15850
15853
15854
15856
15857
15858
15859
15863
15864
15865
15867
15868
15874
15875
15876
15877
15878
15879
15885
15886
15887
15888
15889
15891
15892
15893
15894
15896
15899
15900
15901
15902
15903
15904
15905
15906
15907
15908
15910
15911
15912
15913
15914
15917
15918
15919
15920
15921
15922
15923
15924
15925
15926
15928
15931
15933
15934
15935
15936
15938
15940
15942
15943
15945
15947
15948
15949
15950
15951
15952
15953
15954
15955
15956
15958
15960
15961
15962
15963
15966
15967
15968
15970
15971
15972
15973
15974
15975
15976
15980
15981
15982
15983
15985
15986
15988
15989
15990
15992
15994
15999
16002
16008
16009
16011
16013
16014
16015
16016
16017
16018
16019
16021
16022
16023
16024
16027
16029
16030
16033
16034
16040
16041
16042
16044
16045
16047
16048
16050
16052
16053
16054
16055
16057
16060
16062
16064
16066
16067
16068
16069
16072
16073
16074
16077
16078
16082
16083
16084
16085
16086
16087
16090
16092
16093
16094
16100
16101
16104
16105
16106
16107
16108
16109
16110
16111
16112
16114
16116
16118
16119
16120
16121
16122
16123
16125
16127
16129
16130
16133
16134
16135
16137
16139
16141
16142
16143
16144
16145
16148
16149
16153
16154
16155
16159
16161
16163
16164
16165
16168
16169
16172
16173
16174
16175
16176
16177
16178
16179
16181
16182
16183
16186
16187
16188
16189
16191
16193
16194
16196
16197
16198
16199
16200
16201
16202
16203
16205
16208
16210
16211
16212
16213
16214
16216
16217
16218
16221
16224
16225
16226
16228
16229
16231
16233
16234
16235
16236
16237
16239
16240
16241
16242
16243
16244
16246
16248
16249
16251
16252
16254
16256
16257
16260
16262
16265
16266
16267
16269
16270
16272
16274
16276
16279
16280
16281
16282
16283
16284
16289
16290
16293
16294
16295
16296
16297
16298
16299
16304
16305
16306
16307
16312
16313
16315
16317
16320
16324
16325
16326
16327
16329
16331
16332
16335
16336
16338
16341
16342
16344
16345
16346
16347
16348
16349
16350
16353
16354
16355
16357
16358
16359
16364
16365
16366
16367
16368
16369
16370
16371
16373
16374
16375
16377
16378
16379
16380
16381
16382
16384
16385
16388
16389
16390
16397
16398
16399
16402
16403
16404
16405
16410
16411
16412
16413
16414
16415
16418
16420
16421
16422
16424
16426
16428
16430
16432
16433
16435
16437
16438
16439
16440
16441
16443
16444
16446
16448
16449
16450
16451
16455
16456
16457
16459
16460
16462
16463
16466
16467
16468
16469
16471
16473
16475
16477
16478
16480
16481
16482
16485
16488
16489
16491
16492
16494
16495
16496
16497
16499
16500
16502
16503
16504
16506
16510
16516
16517
16518
16519
16521
16522
16525
16526
16528
16529
16530
16531
16533
16534
16535
16536
16537
16538
16542
16544
16545
16546
16550
16551
16552
16554
16555
16556
16557
16558
16560
16561
16562
16563
16565
16569
16570
16571
16572
16575
16576
16577
16580
16581
16582
16583
16584
16585
16586
16588
16589
16590
16592
16593
16594
16598
16599
16600
16602
16604
16606
16607
16608
16609
16611
16614
16616
16618
16620
16621
16623
16625
16627
16628
16631
16632
16634
16635
16636
16639
16640
16641
16643
16645
16646
16647
16650
16652
16658
16659
16660
16661
16664
16665
16667
16668
16669
16671
16674
16675
16676
16677
16678
16679
16680
16681
16682
16684
16685
16686
16687
16691
16692
16693
16694
16696
16698
16699
16702
16703
16704
16705
16706
16711
16712
16713
16714
16715
16718
16719
16720
16721
16723
16724
16726
16728
16729
16731
16732
16733
16735
16737
16738
16739
16741
16742
16744
16745
16746
16749
16750
16751
16753
16755
16756
16757
16758
16760
16762
16763
16764
16765
16767
16768
16771
16772
16773
16775
16776
16777
16778
16780
16782
16783
16784
16785
16786
16787
16788
16789
16790
16794
16795
16796
16797
16799
16800
16801
16802
16803
16804
16806
16808
16809
16812
16813
16814
16818
16819
16820
16821
16822
16823
16826
16828
16830
16833
16834
16836
16837
16838
16839
16841
16842
16843
16847
16851
16852
16853
16856
16857
16858
16859
16860
16863
16864
16870
16871
16872
16873
16875
16877
16880
16882
16883
16884
16885
16886
16888
16889
16892
16893
16894
16895
16896
16898
16899
16902
16904
16906
16909
16910
16912
16913
16914
16916
16918
16921
16923
16924
16927
16929
16932
16933
16935
16936
16939
16940
16942
16944
16947
16948
16951
16953
16954
16955
16956
16957
16958
16959
16961
16964
16965
16967
16968
16969
16970
16972
16974
16975
16977
16978
16979
16982
16983
16985
16987
16989
16990
16991
16992
16995
16996
16997
16998
17001
17002
17003
17005
17008
17009
17010
17012
17013
17015
17018
17019
17021
17022
17023
17024
17026
17027
17028
17029
17030
17034
17035
17036
17037
17039
17040
17043
17044
17047
17049
17050
17052
17053
17054
17056
17057
17058
17060
17061
17062
17063
17064
17065
17066
17067
17070
17071
17072
17074
17075
17076
17077
17079
17082
17086
17088
17089
17091
17092
17093
17096
17098
17099
17102
17104
17105
17108
17109
17110
17112
17113
17117
17118
17119
17122
17123
17124
17125
17127
17129
17131
17132
17134
17135
17136
17138
17141
17142
17143
17145
17146
17149
17150
17153
17154
17155
17156
17157
17158
17159
17160
17161
17162
17163
17165
17166
17167
17169
17170
17172
17175
17176
17178
17179
17180
17181
17182
17184
17186
17187
17188
17190
17193
17194
17200
17202
17204
17205
17206
17207
17209
17211
17212
17213
17214
17215
17216
17217
17218
17219
17220
17221
17223
17224
17225
17226
17227
17228
17231
17232
17233
17234
17236
17240
17241
17242
17244
17245
17246
17247
17248
17249
17250
17251
17252
17253
17255
17256
17257
17260
17263
17264
17265
17266
17268
17269
17271
17272
17273
17274
17276
17278
17280
17282
17284
17285
17286
17287
17288
17290
17292
17293
17294
17296
17297
17298
17300
17301
17302
17303
17305
17306
17309
17311
17316
17317
17320
17323
17325
17326
17327
17328
17330
17331
17333
17336
17338
17339
17342
17343
17345
17348
17349
17350
17351
17352
17353
17354
17356
17357
17359
17360
17362
17363
17364
17369
17370
17371
17372
17374
17376
17377
17378
17380
17381
17382
17383
17384
17387
17389
17390
17392
17393
17394
17395
17398
17399
17400
17402
17404
17405
17407
17408
17411
17413
17414
17415
17418
17419
17420
17421
17424
17425
17426
17427
17429
17431
17432
17434
17435
17436
17438
17439
17440
17444
17445
17446
17447
17448
17450
17451
17453
17454
17456
17457
17458
17459
17463
17465
17467
17468
17470
17473
17474
17475
17479
17481
17483
17484
17485
17488
17489
17491
17492
17493
17494
17497
17498
17499
17500
17501
17506
17508
17510
17511
17512
17513
17514
17515
17516
17519
17520
17521
17523
17524
17526
17527
17528
17530
17533
17534
17536
17537
17538
17539
17540
17541
17542
17543
17544
17546
17547
17549
17550
17551
17552
17553
17554
17556
17557
17561
17562
17563
17565
17566
17568
17569
17573
17575
17577
17579
17581
17582
17584
17585
17589
17590
17591
17592
17593
17594
17595
17596
17598
17600
17604
17605
17606
17607
17608
17609
17611
17614
17615
17616
17617
17620
17621
17624
17627
17628
17631
17635
17636
17640
17641
17642
17643
17644
17645
17646
17647
17649
17650
17651
17653
17654
17657
17659
17660
17661
17662
17665
17666
17667
17668
17670
17671
17673
17674
17675
17677
17678
17679
17682
17683
17684
17686
17688
17689
17691
17692
17693
17695
17699
17700
17702
17703
17704
17708
17712
17713
17716
17718
17719
17720
17721
17722
17723
17724
17726
17727
17729
17731
17732
17734
17735
17736
17737
17739
17740
17741
17743
17745
17747
17749
17751
17752
17754
17756
17757
17758
17759
17760
17762
17763
17764
17767
17768
17774
17775
17776
17778
17779
17780
17781
17783
17785
17786
17787
17788
17791
17793
17794
17796
17798
17799
17800
17801
17803
17804
17807
17811
17812
17813
17814
17816
17817
17819
17821
17822
17824
17826
17827
17828
17829
17830
17833
17835
17836
17837
17838
17841
17844
17847
17849
17850
17851
17852
17853
17854
17855
17858
17860
17861
17862
17863
17865
17866
17868
17872
17873
17874
17876
17878
17880
17882
17884
17885
17886
17889
17891
17892
17897
17899
17900
17901
17904
17906
17907
17910
17913
17914
17916
17920
17921
17923
17925
17926
17928
17930
17932
17933
17934
17935
17936
17937
17939
17940
17941
17942
17944
17946
17947
17950
17952
17953
17954
17957
17958
17959
17960
17961
17962
17963
17964
17968
17970
17971
17972
17973
17974
17976
17977
17978
17979
17980
17981
17983
17984
17988
17989
17990
17992
17994
17995
17996
17997
17999
18001
18002
18004
18006
18009
18010
18012
18013
18014
18015
18017
18018
18019
18020
18021
18022
18023
18025
18026
18027
18028
18029
18030
18032
18033
18035
18036
18037
18038
18041
18042
18044
18046
18047
18048
18049
18051
18052
18053
18054
18056
18057
18058
18059
18060
18061
18062
18063
18067
18068
18069
18070
18072
18073
18074
18075
18076
18080
18082
18083
18084
18085
18086
18088
18091
18093
18095
18096
18097
18098
18100
18101
18102
18103
18105
18106
18108
18112
18115
18117
18118
18122
18124
18125
18126
18128
18129
18130
18133
18135
18137
18138
18139
18141
18146
18147
18149
18150
18151
18152
18154
18157
18158
18159
18160
18161
18162
18163
18164
18165
18166
18167
18168
18169
18170
18171
18172
18174
18176
18178
18181
18185
18186
18187
18188
18189
18193
18195
18197
18198
18201
18202
18207
18211
18212
18215
18216
18219
18221
18222
18224
18226
18227
18228
18231
18232
18233
18234
18235
18237
18238
18240
18241
18243
18244
18245
18246
18247
18248
18251
18254
18255
18256
18257
18260
18262
18263
18264
18265
18267
18269
18270
18272
18277
18278
18281
18283
18284
18285
18288
18289
18291
18295
18296
18297
18299
18300
18303
18304
18305
18307
18309
18311
18312
18316
18319
18320
18321